254 253 251 251 251 251 251 251 251 251 251 251 251 251 253 254
253 212 150 150 150 150 150 150 150 150 150 150 150 150 206 252
251 150   2  18  26  26  26  26  26  26  26  26  20   3 136 247
251 150  18 129 181 181 181 181 181 181 181 181 139  22 136 247
251 150  26 181 255 255 255 255 255 255 255 255 195  32 136 247
251 150  26 181 255 255 255 255 255 255 255 255 195  32 136 247
251 150  26 181 252 252 254 254 254 254 254 254 195  32 136 247
251 150  26 177 209 219 237 238 236 235 237 241 194  32 136 247
251 150  26 177 211 220 235 236 234 233 235 240 194  32 136 247
251 150  26 181 254 254 254 255 255 255 254 255 195  32 136 247
251 150  26 181 255 255 255 255 255 255 255 255 195  32 136 247
251 150  26 181 255 255 255 255 255 255 255 255 195  32 136 247
251 150  20 139 195 195 195 195 195 195 195 195 149  24 136 247
251 150   3  22  32  32  32  32  32  32  32  32  24   4 136 247
253 206 136 136 136 136 136 136 136 136 136 136 136 136 199 251
254 252 247 247 247 247 247 247 247 247 247 247 247 247 251 254
254 253 251 251 251 251 251 251 251 251 251 251 251 251 253 254
253 212 150 150 150 150 150 150 150 150 150 150 150 150 206 252
251 150   2  18  26  26  26  26  26  26  26  26  20   3 136 247
251 150  18 129 181 181 181 181 181 181 181 181 139  22 136 247
251 150  26 181 255 255 255 255 255 255 255 255 195  32 136 247
251 150  26 181 255 255 255 255 255 255 255 255 195  32 136 247
251 150  26 181 250 251 254 254 254 254 254 254 195  32 136 247
251 150  26 172 179 188 219 221 218 216 221 229 194  32 136 247
251 150  26 173 182 191 216 217 214 212 217 226 194  32 136 247
251 150  26 181 254 254 254 254 254 254 254 255 195  32 136 247
251 150  26 181 255 255 255 255 255 255 255 255 195  32 136 247
251 150  26 181 255 255 255 255 255 255 255 255 195  32 136 247
251 150  20 139 195 195 195 195 195 195 195 195 149  24 136 247
251 150   3  22  32  32  32  32  32  32  32  32  24   4 136 247
253 206 136 136 136 136 136 136 136 136 136 136 136 136 199 251
254 252 247 247 247 247 247 247 247 247 247 247 247 247 251 254
254 253 251 251 251 251 251 251 251 251 251 251 251 251 253 254
253 212 150 150 150 150 150 150 150 150 150 150 150 150 206 252
251 150   2  18  26  26  26  26  26  26  26  26  20   3 136 247
251 150  18 129 181 181 181 181 181 181 181 181 139  22 136 247
251 150  26 181 255 255 255 255 255 255 255 255 195  32 136 247
251 150  26 181 255 255 255 255 255 255 255 255 195  32 136 247
251 150  26 181 249 250 254 254 254 254 254 254 195  32 136 247
251 150  26 170 162 172 211 214 210 207 213 223 194  32 136 247
251 150  26 170 167 176 206 208 205 202 209 219 194  32 136 247
251 150  26 181 254 254 254 254 254 254 254 255 195  32 136 247
251 150  26 181 255 255 255 255 255 255 255 255 195  32 136 247
251 150  26 181 255 255 255 255 255 255 255 255 195  32 136 247
251 150  20 139 195 195 195 195 195 195 195 195 149  24 136 247
251 150   3  22  32  32  32  32  32  32  32  32  24   4 136 247
253 206 136 136 136 136 136 136 136 136 136 136 136 136 199 251
254 252 247 247 247 247 247 247 247 247 247 247 247 247 251 254

255 253 250 250 250 250 250 250 250 250 250 250 250 250 253 255
253 206 142 142 142 142 142 142 142 142 142 142 142 142 205 253
250 144   3  22  30  30  30  30  30  30  30  30  22   4 142 250
250 144  21 140 189 189 189 189 189 189 189 189 141  22 142 250
250 144  28 188 255 255 255 241 242 255 255 255 189  30 142 250
250 144  28 188 255 255 255 237 237 255 255 255 189  30 142 250
250 144  28 188 255 255 255 234 235 255 255 255 189  30 142 250
250 144  28 188 255 255 255 235 236 255 255 255 189  30 142 250
250 144  28 188 255 255 255 237 237 255 255 255 189  30 142 250
250 144  28 188 255 255 255 236 236 255 255 255 189  30 142 250
250 144  28 188 255 255 253 218 224 255 255 255 189  30 142 250
250 144  28 188 255 255 252 206 213 255 255 255 189  30 142 250
250 144  21 139 188 188 188 183 184 188 188 188 140  22 142 250
250 144   3  21  28  28  28  28  28  28  28  28  21   3 142 250
253 207 144 144 144 144 144 144 144 144 144 144 144 144 206 253
255 253 250 250 250 250 250 250 250 250 250 250 250 250 253 255
255 253 250 250 250 250 250 250 250 250 250 250 250 250 253 255
253 206 142 142 142 142 142 142 142 142 142 142 142 142 205 253
250 144   3  22  30  30  30  30  30  30  30  30  22   4 142 250
250 144  21 140 189 189 189 189 189 189 189 189 141  22 142 250
250 144  28 188 255 255 255 229 229 255 255 255 189  30 142 250
250 144  28 188 255 255 254 219 221 255 255 255 189  30 142 250
250 144  28 188 255 255 254 214 215 255 255 255 189  30 142 250
250 144  28 188 255 255 254 216 217 255 255 255 189  30 142 250
250 144  28 188 255 255 254 219 221 255 255 255 189  30 142 250
250 144  28 188 255 255 254 217 219 255 255 255 189  30 142 250
250 144  28 188 255 255 251 186 196 254 255 255 189  30 142 250
250 144  28 188 255 255 249 173 185 254 255 255 189  30 142 250
250 144  21 139 188 188 187 178 179 188 188 188 140  22 142 250
250 144   3  21  28  28  28  28  28  28  28  28  21   3 142 250
253 207 144 144 144 144 144 144 144 144 144 144 144 144 206 253
255 253 250 250 250 250 250 250 250 250 250 250 250 250 253 255
255 253 250 250 250 250 250 250 250 250 250 250 250 250 253 255
253 206 142 142 142 142 142 142 142 142 142 142 142 142 205 253
250 144   3  22  30  30  30  30  30  30  30  30  22   4 142 250
250 144  21 140 189 189 189 189 189 189 189 189 141  22 142 250
250 144  28 188 255 255 255 222 223 255 255 255 189  30 142 250
250 144  28 188 255 255 254 210 213 255 255 255 189  30 142 250
250 144  28 188 255 255 254 204 206 255 255 255 189  30 142 250
250 144  28 188 255 255 254 206 208 255 255 255 189  30 142 250
250 144  28 188 255 255 254 211 212 255 255 255 189  30 142 250
250 144  28 188 255 255 254 208 210 255 255 255 189  30 142 250
250 144  28 188 255 255 249 169 183 254 255 255 189  30 142 250
250 144  28 188 255 255 248 155 171 254 255 255 189  30 142 250
250 144  21 139 188 188 187 175 177 188 188 188 140  22 142 250
250 144   3  21  28  28  28  28  28  28  28  28  21   3 142 250
253 207 144 144 144 144 144 144 144 144 144 144 144 144 206 253
255 253 250 250 250 250 250 250 250 250 250 250 250 250 253 255

254 251 247 247 247 247 247 247 247 247 247 247 247 247 252 254
251 199 136 136 136 136 136 136 136 136 136 136 136 136 206 253
247 136   4  24  32  32  32  32  32  32  32  32  22   3 150 251
247 136  24 149 195 195 195 195 195 195 195 195 139  20 150 251
247 136  32 195 255 255 255 255 255 255 255 255 181  26 150 251
247 136  32 195 255 255 255 255 255 255 255 255 181  26 150 251
247 136  32 195 255 254 255 255 255 254 254 254 181  26 150 251
247 136  32 194 240 235 233 234 236 235 220 211 177  26 150 251
247 136  32 194 241 237 235 236 238 237 219 209 177  26 150 251
247 136  32 195 254 254 254 254 254 254 252 252 181  26 150 251
247 136  32 195 255 255 255 255 255 255 255 255 181  26 150 251
247 136  32 195 255 255 255 255 255 255 255 255 181  26 150 251
247 136  22 139 181 181 181 181 181 181 181 181 129  18 150 251
247 136   3  20  26  26  26  26  26  26  26  26  18   2 150 251
252 206 150 150 150 150 150 150 150 150 150 150 150 150 212 253
254 253 251 251 251 251 251 251 251 251 251 251 251 251 253 254
254 251 247 247 247 247 247 247 247 247 247 247 247 247 252 254
251 199 136 136 136 136 136 136 136 136 136 136 136 136 206 253
247 136   4  24  32  32  32  32  32  32  32  32  22   3 150 251
247 136  24 149 195 195 195 195 195 195 195 195 139  20 150 251
247 136  32 195 255 255 255 255 255 255 255 255 181  26 150 251
247 136  32 195 255 255 255 255 255 255 255 255 181  26 150 251
247 136  32 195 255 254 254 254 254 254 254 254 181  26 150 251
247 136  32 194 226 217 212 214 217 216 191 182 173  26 150 251
247 136  32 194 229 221 216 218 221 219 188 179 172  26 150 251
247 136  32 195 254 254 254 254 254 254 251 250 181  26 150 251
247 136  32 195 255 255 255 255 255 255 255 255 181  26 150 251
247 136  32 195 255 255 255 255 255 255 255 255 181  26 150 251
247 136  22 139 181 181 181 181 181 181 181 181 129  18 150 251
247 136   3  20  26  26  26  26  26  26  26  26  18   2 150 251
252 206 150 150 150 150 150 150 150 150 150 150 150 150 212 253
254 253 251 251 251 251 251 251 251 251 251 251 251 251 253 254
254 251 247 247 247 247 247 247 247 247 247 247 247 247 252 254
251 199 136 136 136 136 136 136 136 136 136 136 136 136 206 253
247 136   4  24  32  32  32  32  32  32  32  32  22   3 150 251
247 136  24 149 195 195 195 195 195 195 195 195 139  20 150 251
247 136  32 195 255 255 255 255 255 255 255 255 181  26 150 251
247 136  32 195 255 255 255 255 255 255 255 255 181  26 150 251
247 136  32 195 255 254 254 254 254 254 254 254 181  26 150 251
247 136  32 194 219 209 202 205 208 206 176 167 170  26 150 251
247 136  32 194 223 213 207 210 214 211 172 162 170  26 150 251
247 136  32 195 254 254 254 254 254 254 250 249 181  26 150 251
247 136  32 195 255 255 255 255 255 255 255 255 181  26 150 251
247 136  32 195 255 255 255 255 255 255 255 255 181  26 150 251
247 136  22 139 181 181 181 181 181 181 181 181 129  18 150 251
247 136   3  20  26  26  26  26  26  26  26  26  18   2 150 251
252 206 150 150 150 150 150 150 150 150 150 150 150 150 212 253
254 253 251 251 251 251 251 251 251 251 251 251 251 251 253 254

255 253 250 250 250 250 250 250 250 250 250 250 250 250 253 255
253 206 144 144 144 144 144 144 144 144 144 144 144 144 207 253
250 142   3  21  28  28  28  28  28  28  28  28  21   3 144 250
250 142  22 140 188 188 188 184 183 188 188 188 139  21 144 250
250 142  30 189 255 255 255 213 206 252 255 255 188  28 144 250
250 142  30 189 255 255 255 224 218 253 255 255 188  28 144 250
250 142  30 189 255 255 255 236 236 255 255 255 188  28 144 250
250 142  30 189 255 255 255 237 237 255 255 255 188  28 144 250
250 142  30 189 255 255 255 236 235 255 255 255 188  28 144 250
250 142  30 189 255 255 255 235 234 255 255 255 188  28 144 250
250 142  30 189 255 255 255 237 237 255 255 255 188  28 144 250
250 142  30 189 255 255 255 242 241 255 255 255 188  28 144 250
250 142  22 141 189 189 189 189 189 189 189 189 140  21 144 250
250 142   4  22  30  30  30  30  30  30  30  30  22   3 144 250
253 205 142 142 142 142 142 142 142 142 142 142 142 142 206 253
255 253 250 250 250 250 250 250 250 250 250 250 250 250 253 255
255 253 250 250 250 250 250 250 250 250 250 250 250 250 253 255
253 206 144 144 144 144 144 144 144 144 144 144 144 144 207 253
250 142   3  21  28  28  28  28  28  28  28  28  21   3 144 250
250 142  22 140 188 188 188 179 178 187 188 188 139  21 144 250
250 142  30 189 255 255 254 185 173 249 255 255 188  28 144 250
250 142  30 189 255 255 254 196 186 251 255 255 188  28 144 250
250 142  30 189 255 255 255 219 217 254 255 255 188  28 144 250
250 142  30 189 255 255 255 221 219 254 255 255 188  28 144 250
250 142  30 189 255 255 255 217 216 254 255 255 188  28 144 250
250 142  30 189 255 255 255 215 214 254 255 255 188  28 144 250
250 142  30 189 255 255 255 221 219 254 255 255 188  28 144 250
250 142  30 189 255 255 255 229 229 255 255 255 188  28 144 250
250 142  22 141 189 189 189 189 189 189 189 189 140  21 144 250
250 142   4  22  30  30  30  30  30  30  30  30  22   3 144 250
253 205 142 142 142 142 142 142 142 142 142 142 142 142 206 253
255 253 250 250 250 250 250 250 250 250 250 250 250 250 253 255
255 253 250 250 250 250 250 250 250 250 250 250 250 250 253 255
253 206 144 144 144 144 144 144 144 144 144 144 144 144 207 253
250 142   3  21  28  28  28  28  28  28  28  28  21   3 144 250
250 142  22 140 188 188 188 177 175 187 188 188 139  21 144 250
250 142  30 189 255 255 254 171 155 248 255 255 188  28 144 250
250 142  30 189 255 255 254 183 169 249 255 255 188  28 144 250
250 142  30 189 255 255 255 210 208 254 255 255 188  28 144 250
250 142  30 189 255 255 255 212 211 254 255 255 188  28 144 250
250 142  30 189 255 255 255 208 206 254 255 255 188  28 144 250
250 142  30 189 255 255 255 206 204 254 255 255 188  28 144 250
250 142  30 189 255 255 255 213 210 254 255 255 188  28 144 250
250 142  30 189 255 255 255 223 222 255 255 255 188  28 144 250
250 142  22 141 189 189 189 189 189 189 189 189 140  21 144 250
250 142   4  22  30  30  30  30  30  30  30  30  22   3 144 250
253 205 142 142 142 142 142 142 142 142 142 142 142 142 206 253
255 253 250 250 250 250 250 250 250 250 250 250 250 250 253 255
